Call: survfit(formula = Surv(times, patient.vital_status) ~ stage, 
    data = `__LHS`)

2 observations deleted due to missingness 
                stage=1 
 time n.risk n.event survival std.err lower 95% CI upper 95% CI
   18    238       1    0.996 0.00419       0.9876        1.000
   22    230       1    0.991 0.00601       0.9798        1.000
   33    221       1    0.987 0.00747       0.9724        1.000
   38    214       1    0.982 0.00874       0.9654        1.000
   97    180       1    0.977 0.01026       0.9570        0.997
  267    120       1    0.969 0.01301       0.9436        0.995
  321    112       1    0.960 0.01550       0.9302        0.991
  339    111       1    0.951 0.01761       0.9176        0.987
  354    109       1    0.943 0.01949       0.9053        0.982
  460     95       1    0.933 0.02167       0.8913        0.976
  594     86       1    0.922 0.02398       0.8762        0.970
  653     79       1    0.910 0.02636       0.8601        0.963
  701     77       1    0.898 0.02855       0.8442        0.956
  777     73       1    0.886 0.03070       0.8280        0.948
  800     71       1    0.874 0.03270       0.8119        0.940
  855     69       1    0.861 0.03459       0.7958        0.932
  869     68       1    0.848 0.03633       0.7801        0.923
  949     62       1    0.835 0.03823       0.7630        0.913
  950     61       1    0.821 0.03998       0.7463        0.903
  987     59       1    0.807 0.04165       0.7294        0.893
 1073     55       1    0.792 0.04340       0.7117        0.882
 1135     52       1    0.777 0.04516       0.6935        0.871
 1136     51       1    0.762 0.04678       0.6755        0.859
 1167     49       1    0.746 0.04834       0.6574        0.847
 1171     47       1    0.731 0.04985       0.6390        0.835
 1194     46       1    0.715 0.05123       0.6209        0.822
 1229     42       1    0.698 0.05276       0.6015        0.809
 1258     39       1    0.680 0.05436       0.5811        0.795
 1288     38       1    0.662 0.05579       0.5610        0.781
 1421     34       1    0.642 0.05745       0.5391        0.765
 1454     32       1    0.622 0.05906       0.5167        0.750
 1600     26       1    0.598 0.06144       0.4893        0.732
 1622     25       1    0.574 0.06348       0.4626        0.713
 1653     23       1    0.549 0.06545       0.4351        0.694
 1725     21       1    0.523 0.06736       0.4066        0.673
 1798     18       1    0.494 0.06961       0.3750        0.651
 2174     14       1    0.459 0.07304       0.3359        0.627
 2318     13       1    0.424 0.07547       0.2988        0.601
 2620     10       1    0.381 0.07892       0.2541        0.572
 3169      8       1    0.334 0.08220       0.2058        0.541
 3361      7       1    0.286 0.08313       0.1617        0.506
 4961      3       1    0.191 0.09554       0.0714        0.509

                stage=2 
 time n.risk n.event survival std.err lower 95% CI upper 95% CI
   87     85       1    0.988  0.0117       0.9656        1.000
  118     79       1    0.976  0.0170       0.9430        1.000
  164     70       1    0.962  0.0217       0.9202        1.000
  167     69       1    0.948  0.0255       0.8992        0.999
  237     61       1    0.932  0.0294       0.8764        0.992
  258     59       1    0.917  0.0329       0.8543        0.983
  260     58       1    0.901  0.0359       0.8330        0.974
  321     51       1    0.883  0.0393       0.8092        0.964
  336     49       1    0.865  0.0424       0.7857        0.952
  428     46       1    0.846  0.0455       0.7616        0.940
  429     45       1    0.827  0.0482       0.7381        0.928
  500     42       1    0.808  0.0509       0.7138        0.914
  574     37       1    0.786  0.0540       0.6868        0.899
  582     36       1    0.764  0.0568       0.6605        0.884
  586     35       1    0.742  0.0592       0.6348        0.868
  626     34       1    0.720  0.0614       0.6096        0.851
  666     33       1    0.699  0.0633       0.5850        0.834
  677     32       1    0.677  0.0649       0.5607        0.817
  731     30       1    0.654  0.0666       0.5359        0.799
  760     29       1    0.632  0.0680       0.5115        0.780
  864     25       1    0.606  0.0698       0.4839        0.760
  896     22       2    0.551  0.0735       0.4244        0.716
  929     19       1    0.522  0.0752       0.3938        0.692
  995     17       1    0.491  0.0768       0.3619        0.668
  999     16       1    0.461  0.0779       0.3308        0.642
 1091     15       1    0.430  0.0785       0.3007        0.615
 1147     14       1    0.399  0.0787       0.2714        0.588
 1209     12       1    0.366  0.0789       0.2400        0.558
 1492     10       1    0.329  0.0790       0.2059        0.527
 1499      9       1    0.293  0.0783       0.1735        0.494
 1501      8       1    0.256  0.0766       0.1427        0.460
 1778      6       1    0.214  0.0748       0.1075        0.424
 2617      2       1    0.107  0.0842       0.0227        0.501

                stage=3 
 time n.risk n.event survival std.err lower 95% CI upper 95% CI
    0     81       1    0.988  0.0123       0.9639        1.000
    4     77       1    0.975  0.0176       0.9410        1.000
   62     64       1    0.960  0.0230       0.9156        1.000
   74     63       1    0.944  0.0272       0.8925        0.999
   91     62       1    0.929  0.0307       0.8708        0.991
  121     60       1    0.914  0.0339       0.8496        0.983
  139     57       1    0.898  0.0369       0.8281        0.973
  157     54       1    0.881  0.0398       0.8064        0.963
  161     52       1    0.864  0.0425       0.7847        0.951
  173     49       1    0.846  0.0451       0.7625        0.940
  179     48       1    0.829  0.0475       0.7407        0.927
  189     46       1    0.811  0.0498       0.7189        0.914
  244     45       1    0.793  0.0518       0.6974        0.901
  257     41       1    0.773  0.0540       0.6744        0.887
  268     38       1    0.753  0.0563       0.6504        0.872
  274     37       1    0.733  0.0584       0.6268        0.857
  282     36       1    0.712  0.0602       0.6036        0.841
  303     33       1    0.691  0.0621       0.5792        0.824
  307     32       1    0.669  0.0638       0.5551        0.807
  336     30       1    0.647  0.0655       0.5305        0.789
  370     28       1    0.624  0.0671       0.5052        0.770
  385     27       1    0.601  0.0685       0.4804        0.751
  414     25       1    0.577  0.0698       0.4548        0.731
  444     21       1    0.549  0.0717       0.4252        0.709
  464     19       1    0.520  0.0735       0.3944        0.686
  593     17       1    0.490  0.0753       0.3623        0.662
  624     16       1    0.459  0.0765       0.3311        0.637
  628     15       1    0.428  0.0773       0.3008        0.610
  711     14       1    0.398  0.0776       0.2714        0.583
  807     13       1    0.367  0.0774       0.2429        0.555
  879     12       1    0.337  0.0768       0.2153        0.526
 1081     11       1    0.306  0.0757       0.1885        0.497
 1265      8       1    0.268  0.0753       0.1544        0.465
 1379      7       1    0.230  0.0736       0.1224        0.430
 1790      3       1    0.153  0.0794       0.0553        0.423
 2370      1       1    0.000     NaN           NA           NA

                stage=4 
 time n.risk n.event survival std.err lower 95% CI upper 95% CI
   58     21       1    0.952  0.0465       0.8655        1.000
  119     18       1    0.899  0.0676       0.7763        1.000
  167     16       1    0.843  0.0835       0.6944        1.000
  244     14       1    0.783  0.0969       0.6144        0.998
  457     11       1    0.712  0.1112       0.5241        0.967
  826      7       1    0.610  0.1340       0.3968        0.938
  976      6       1    0.508  0.1452       0.2905        0.890
 1043      5       1    0.407  0.1475       0.1998        0.828
 1293      3       1    0.271  0.1481       0.0930        0.791
 1357      2       1    0.136  0.1211       0.0235        0.781
 2681      1       1    0.000     NaN           NA           NA

